./streams.exe
Host memory: 214.247864 100.567642 199.690292 203.602203 232.470062 50.375595 85.481796 195.898544 70.832550 141.262329 121.736244 160.362076 93.020035 130.917221 242.818573 233.629730 162.106476 182.910721 36.108650 154.777054 4.156646 61.936123 34.994049 205.065063 39.953167 102.240814 33.096561 27.746243 254.725723 55.655506 130.797760 213.973602 156.223145 75.488060 162.575821 133.693222 125.863655 248.057617 74.591782 196.696213 134.319962 196.328018 102.058289 227.339996 72.245255 89.876877 205.969742 234.351746 17.787596 242.078384 134.128815 21.944239 49.014530 169.122849 227.009308 88.967690 16.363686 5.105877 116.713936 16.089437 60.761383 247.511688 230.063049 216.984528 67.999763 137.638885 95.677773 193.863419 130.696518 170.269547 135.559631 10.016487 111.597580 237.617920 237.356491 183.842834 72.494820 188.326248 163.194595 90.282402 175.404648 42.323410 112.226646 224.419174 211.446274 84.235962 58.386879 227.809952 89.341843 175.100815 243.899384 150.103226 167.612518 218.962448 112.087769 235.612289 101.601341 207.765549 174.475708 232.297867 123.035110 55.035362 242.314331 234.632690 37.653301 224.670837 163.475555 110.148117 157.997101 71.670143 200.430527 78.401749 113.993561 57.657188 47.820942 70.439842 141.893143 106.207825 43.249805 231.234985 26.308651 32.149212 126.338226 193.921173 251.111649 238.426010 174.533478 97.713020 191.191559 94.009201 75.010887 59.226688 149.044556 62.325245 38.859394 186.697861 31.996098 202.334930 41.845989 189.993195 19.005096 242.276520 13.394960 132.998642 44.933716 61.215900 203.438492 186.826859 167.423721 246.688293 163.061874 193.732376 23.837521 34.400116 132.653564 19.949194 17.826130 52.187042 117.662216 209.017700 146.196228 192.673111 13.244397 40.240814 254.998337 52.103794 226.938675 31.994459 254.438721 13.784681 221.987640 18.443842 1.061210 235.382614 151.442490 45.994926 41.598530 99.881004 232.821793 209.022263 91.569313 140.883682 147.754639 115.406830 175.283783 25.408215 135.356018 193.109909 77.595261 253.018234 147.127625 223.791504 190.691360 160.372025 9.032331 190.689713 212.475815 235.971008 222.684174 211.914551 249.755692 189.671844 230.358398 250.816895 170.054474 126.800911 41.811836 211.653015 226.681915 19.633642 165.675262 63.251247 160.517319 58.429924 178.658066 80.801117 83.838142 59.014126 18.911047 161.433395 57.032383 166.038681 130.224915 247.723740 71.410713 139.257248 183.413467 28.886539 120.228271 151.097672 240.801102 114.983971 85.769531 216.159515 110.800888 0.824022 87.960449 152.612717 212.477036 59.642384 172.246353 123.152313 122.893631 77.763695 181.582245 46.551723 158.564819 10.420397 105.565849 177.475845 171.853790 162.598236 88.514542 47.078728 155.321991 
Copy input data from the host memory to the CUDA device
CUDA kernel launch with 1 blocks of 256 threads
Enter a seed for A1: Enter a seed for A2: Copy output data from the CUDA device to the host memory
Host memory: 339.121246 225.441010 324.563690 328.475586 357.343445 175.248993 210.355194 320.771942 195.705933 266.135712 246.609619 285.235443 217.893402 255.790619 367.691956 358.503113 286.979858 307.784088 160.982025 279.650421 129.030029 186.809509 159.867432 329.938446 164.826553 227.114197 157.969940 152.619629 379.599091 180.528900 255.671143 338.846985 281.096527 200.361450 287.449188 258.566620 250.737030 372.931000 199.465179 321.569611 259.193329 321.201385 226.931671 352.213379 197.118622 214.750275 330.843109 359.225128 142.660980 366.951752 259.002197 146.817627 173.887909 293.996246 351.882690 213.841064 141.237061 129.979263 241.587311 140.962814 185.634766 372.385071 354.936432 341.857910 192.873138 262.512268 220.551147 318.736786 255.569916 295.142914 260.433014 134.889862 236.470978 362.491302 362.229889 308.716217 197.368195 313.199615 288.067963 215.155792 300.278046 167.196808 237.100037 349.292572 336.319672 209.109344 183.260254 352.683319 214.215240 299.974213 368.772766 274.976593 292.485901 343.835846 236.961151 360.485687 226.474731 332.638947 299.349091 357.171234 247.908478 179.908752 367.187714 359.506073 162.526688 349.544220 288.348938 235.021515 282.870483 196.543518 325.303925 203.275116 238.866943 182.530579 172.694336 195.313232 266.766510 231.081207 168.123199 356.108368 151.182037 157.022598 251.211609 318.794556 375.985016 363.299408 299.406860 222.586395 316.064941 218.882599 199.884277 184.100067 273.917938 187.198639 163.732773 311.571259 156.869476 327.208313 166.719360 314.866577 143.878479 367.149902 138.268341 257.872040 169.807098 186.089294 328.311859 311.700226 292.297089 371.561676 287.935272 318.605743 148.710907 159.273499 257.526947 144.822571 142.699509 177.060425 242.535614 333.891083 271.069611 317.546478 138.117783 165.114197 379.871735 176.977173 351.812042 156.867844 379.312103 138.658066 346.861023 143.317230 125.934586 360.256012 276.315887 170.868317 166.471909 224.754395 357.695160 333.895660 216.442688 265.757050 272.628021 240.280212 300.157166 150.281601 260.229401 317.983307 202.468658 377.891632 272.001007 348.664886 315.564728 285.245392 133.905716 315.563080 337.349213 360.844391 347.557556 336.787933 374.629059 314.545227 355.231781 375.690277 294.927856 251.674286 166.685211 336.526398 351.555298 144.507019 290.548645 188.124634 285.390717 183.303314 303.531464 205.674500 208.711517 183.887512 143.784424 286.306793 181.905762 290.912079 255.098297 372.597137 196.284088 264.130646 308.286835 153.759918 245.101654 275.971039 365.674469 239.857361 210.642914 341.032898 235.674286 125.697403 212.833832 277.486115 337.350433 184.515778 297.119720 248.025696 247.766998 202.637085 306.455627 171.425110 283.438202 135.293777 230.439240 302.349213 296.727173 287.471619 213.387909 171.952118 280.195374 
Host memory: 214.247864 100.567642 199.690292 203.602203 232.470062 50.375595 85.481796 195.898544 70.832550 141.262329 121.736244 160.362076 93.020035 130.917221 242.818573 233.629730 162.106476 182.910721 36.108650 154.777054 4.156646 61.936123 34.994049 205.065063 39.953167 102.240814 33.096561 27.746243 254.725723 55.655506 130.797760 213.973602 156.223145 75.488060 162.575821 133.693222 125.863655 248.057617 74.591782 196.696213 134.319962 196.328018 102.058289 227.339996 72.245255 89.876877 205.969742 234.351746 17.787596 242.078384 134.128815 21.944239 49.014530 169.122849 227.009308 88.967690 16.363686 5.105877 116.713936 16.089437 60.761383 247.511688 230.063049 216.984528 67.999763 137.638885 95.677773 193.863419 130.696518 170.269547 135.559631 10.016487 111.597580 237.617920 237.356491 183.842834 72.494820 188.326248 163.194595 90.282402 175.404648 42.323410 112.226646 224.419174 211.446274 84.235962 58.386879 227.809952 89.341843 175.100815 243.899384 150.103226 167.612518 218.962448 112.087769 235.612289 101.601341 207.765549 174.475708 232.297867 123.035110 55.035362 242.314331 234.632690 37.653301 224.670837 163.475555 110.148117 157.997101 71.670143 200.430527 78.401749 113.993561 57.657188 47.820942 70.439842 141.893143 106.207825 43.249805 231.234985 26.308651 32.149212 126.338226 193.921173 251.111649 238.426010 174.533478 97.713020 191.191559 94.009201 75.010887 59.226688 149.044556 62.325245 38.859394 186.697861 31.996098 202.334930 41.845989 189.993195 19.005096 242.276520 13.394960 132.998642 44.933716 61.215900 203.438492 186.826859 167.423721 246.688293 163.061874 193.732376 23.837521 34.400116 132.653564 19.949194 17.826130 52.187042 117.662216 209.017700 146.196228 192.673111 13.244397 40.240814 254.998337 52.103794 226.938675 31.994459 254.438721 13.784681 221.987640 18.443842 1.061210 235.382614 151.442490 45.994926 41.598530 99.881004 232.821793 209.022263 91.569313 140.883682 147.754639 115.406830 175.283783 25.408215 135.356018 193.109909 77.595261 253.018234 147.127625 223.791504 190.691360 160.372025 9.032331 190.689713 212.475815 235.971008 222.684174 211.914551 249.755692 189.671844 230.358398 250.816895 170.054474 126.800911 41.811836 211.653015 226.681915 19.633642 165.675262 63.251247 160.517319 58.429924 178.658066 80.801117 83.838142 59.014126 18.911047 161.433395 57.032383 166.038681 130.224915 247.723740 71.410713 139.257248 183.413467 28.886539 120.228271 151.097672 240.801102 114.983971 85.769531 216.159515 110.800888 0.824022 87.960449 152.612717 212.477036 59.642384 172.246353 123.152313 122.893631 77.763695 181.582245 46.551723 158.564819 10.420397 105.565849 177.475845 171.853790 162.598236 88.514542 47.078728 155.321991 
Copy input data from the host memory to the CUDA device
CUDA kernel launch with 1 blocks of 256 threads
Enter a seed for A1: Enter a seed for A2: Copy output data from the CUDA device to the host memory
Host memory: 240.551407 126.871201 225.993851 229.905777 258.773621 76.679153 111.785355 222.202103 97.136108 167.565872 148.039810 186.665634 119.323593 157.220779 269.122131 259.933289 188.410049 209.214279 62.412216 181.080612 30.460205 88.239685 61.297607 231.368607 66.256729 128.544373 59.400116 54.049805 281.029297 81.959061 157.101334 240.277176 182.526688 101.791611 188.879379 159.996780 152.167221 274.361145 100.895340 222.999771 160.623520 222.631577 128.361847 253.643570 98.548813 116.180435 232.273300 260.655273 44.091156 268.381958 160.432388 48.247803 75.318085 195.426407 253.312881 115.271255 42.667252 31.409439 143.017502 42.392990 87.064941 273.815247 256.366577 243.288101 94.303329 163.942459 121.981339 220.166977 157.000076 196.573105 161.863174 36.320053 137.901138 263.921448 263.660034 210.146378 98.798386 214.629807 189.498154 116.585953 201.708206 68.626968 138.530197 250.722733 237.749832 110.539520 84.690445 254.113510 115.645401 201.404373 270.202942 176.406784 193.916092 245.266006 138.391327 261.915833 127.904892 234.069107 200.779251 258.601440 149.338669 81.338913 268.617859 260.936218 63.956863 250.974380 189.779129 136.451675 184.300674 97.973709 226.734085 104.705307 140.297134 83.960739 74.124496 96.743393 168.196701 132.511383 69.553360 257.538513 52.612213 58.452774 152.641800 220.224747 277.415222 264.729553 200.837051 124.016586 217.495132 120.312759 101.314438 85.530243 175.348099 88.628799 65.162949 213.001419 58.299652 228.638504 68.149551 216.296768 45.308655 268.580078 39.698517 159.302200 71.237274 87.519455 229.742050 213.130417 193.727280 272.991821 189.365433 220.035934 50.141083 60.703674 158.957108 46.252747 44.129684 78.490601 143.965775 235.321243 172.499771 218.976669 39.547958 66.544373 281.301880 78.407349 253.242233 58.298019 280.742249 40.088242 248.291214 44.747406 27.364761 261.686157 177.746048 72.298477 67.902084 126.184555 259.125366 235.325821 117.872879 167.187241 174.058182 141.710403 201.587357 51.711777 161.659561 219.413467 103.898819 279.321777 173.431168 250.095047 216.994919 186.675583 35.335892 216.993271 238.779373 262.274536 248.987747 238.218094 276.059265 215.975418 256.661926 277.120422 196.358047 153.104477 68.115402 237.956558 252.985489 45.937195 191.978836 89.554810 186.820877 84.733475 204.961624 107.104675 110.141708 85.317688 45.214600 187.736954 83.335938 192.342239 156.528458 274.027283 97.714279 165.560806 209.717026 55.190094 146.531815 177.401230 267.104675 141.287521 112.073090 242.463089 137.104446 27.127579 114.264008 178.916275 238.780594 85.945938 198.549911 149.455887 149.197189 104.067245 207.885818 72.855286 184.868362 36.723953 131.869400 203.779404 198.157364 188.901810 114.818100 73.382278 181.625565 
Host memory: 214.247864 100.567642 199.690292 203.602203 232.470062 50.375595 85.481796 195.898544 70.832550 141.262329 121.736244 160.362076 93.020035 130.917221 242.818573 233.629730 162.106476 182.910721 36.108650 154.777054 4.156646 61.936123 34.994049 205.065063 39.953167 102.240814 33.096561 27.746243 254.725723 55.655506 130.797760 213.973602 156.223145 75.488060 162.575821 133.693222 125.863655 248.057617 74.591782 196.696213 134.319962 196.328018 102.058289 227.339996 72.245255 89.876877 205.969742 234.351746 17.787596 242.078384 134.128815 21.944239 49.014530 169.122849 227.009308 88.967690 16.363686 5.105877 116.713936 16.089437 60.761383 247.511688 230.063049 216.984528 67.999763 137.638885 95.677773 193.863419 130.696518 170.269547 135.559631 10.016487 111.597580 237.617920 237.356491 183.842834 72.494820 188.326248 163.194595 90.282402 175.404648 42.323410 112.226646 224.419174 211.446274 84.235962 58.386879 227.809952 89.341843 175.100815 243.899384 150.103226 167.612518 218.962448 112.087769 235.612289 101.601341 207.765549 174.475708 232.297867 123.035110 55.035362 242.314331 234.632690 37.653301 224.670837 163.475555 110.148117 157.997101 71.670143 200.430527 78.401749 113.993561 57.657188 47.820942 70.439842 141.893143 106.207825 43.249805 231.234985 26.308651 32.149212 126.338226 193.921173 251.111649 238.426010 174.533478 97.713020 191.191559 94.009201 75.010887 59.226688 149.044556 62.325245 38.859394 186.697861 31.996098 202.334930 41.845989 189.993195 19.005096 242.276520 13.394960 132.998642 44.933716 61.215900 203.438492 186.826859 167.423721 246.688293 163.061874 193.732376 23.837521 34.400116 132.653564 19.949194 17.826130 52.187042 117.662216 209.017700 146.196228 192.673111 13.244397 40.240814 254.998337 52.103794 226.938675 31.994459 254.438721 13.784681 221.987640 18.443842 1.061210 235.382614 151.442490 45.994926 41.598530 99.881004 232.821793 209.022263 91.569313 140.883682 147.754639 115.406830 175.283783 25.408215 135.356018 193.109909 77.595261 253.018234 147.127625 223.791504 190.691360 160.372025 9.032331 190.689713 212.475815 235.971008 222.684174 211.914551 249.755692 189.671844 230.358398 250.816895 170.054474 126.800911 41.811836 211.653015 226.681915 19.633642 165.675262 63.251247 160.517319 58.429924 178.658066 80.801117 83.838142 59.014126 18.911047 161.433395 57.032383 166.038681 130.224915 247.723740 71.410713 139.257248 183.413467 28.886539 120.228271 151.097672 240.801102 114.983971 85.769531 216.159515 110.800888 0.824022 87.960449 152.612717 212.477036 59.642384 172.246353 123.152313 122.893631 77.763695 181.582245 46.551723 158.564819 10.420397 105.565849 177.475845 171.853790 162.598236 88.514542 47.078728 155.321991 
Copy input data from the host memory to the CUDA device
CUDA kernel launch with 1 blocks of 256 threads
Enter a seed for A1: Enter a seed for A2: Copy output data from the CUDA device to the host memory
Host memory: 249.771103 136.090881 235.213547 239.125443 267.993286 85.898834 121.005035 231.421799 106.355789 176.785568 157.259476 195.885315 128.543274 166.440460 278.341797 269.152954 197.629715 218.433960 71.631882 190.300293 39.679882 97.459366 70.517288 240.588303 75.476410 137.764053 68.619797 63.269482 290.248932 91.178741 166.320999 249.496841 191.746384 111.011307 198.099060 169.216461 161.386887 283.580841 110.115021 232.219467 169.843201 231.851242 137.581528 262.863220 107.768494 125.400116 241.492966 269.874969 53.310833 277.601593 169.652054 57.467472 84.537766 204.646088 262.532532 124.490921 51.886921 40.629116 152.237167 51.612675 96.284622 283.034912 265.586273 252.507767 103.522995 173.162125 131.201004 229.386642 166.219757 205.792786 171.082870 45.539722 147.120819 273.141144 272.879730 219.366074 108.018051 223.849472 198.717834 125.805649 210.927887 77.846649 147.749893 259.942413 246.969528 119.759201 93.910110 263.333160 124.865082 210.624054 279.422607 185.626465 203.135757 254.485703 147.611008 271.135529 137.124588 243.288803 209.998947 267.821075 158.558350 90.558594 277.837555 270.155914 73.176544 260.194061 198.998795 145.671356 193.520340 107.193375 235.953781 113.924988 149.516800 93.180420 83.344177 105.963089 177.416382 141.731064 78.773041 266.758209 61.831890 67.672455 161.861465 229.444412 286.634857 273.949249 210.056717 133.236252 226.714798 129.532440 110.534134 94.749924 184.567795 97.848480 74.382629 222.221115 67.519333 237.858170 77.369232 225.516434 54.528332 277.799744 48.918194 168.521881 80.456955 96.739136 238.961716 222.350082 202.946960 282.211517 198.585114 229.255600 59.360760 69.923355 168.176804 55.472431 53.349361 87.710281 153.185455 244.540939 181.719467 228.196335 48.767635 75.764053 290.521576 87.627029 262.461884 67.517700 289.961945 49.307919 257.510864 53.967075 36.584446 270.905853 186.965729 81.518158 77.121765 135.404251 268.345001 244.545517 127.092545 176.406921 183.277878 150.930069 210.807022 60.931454 170.879257 228.633163 113.118500 288.541473 182.650864 259.314728 226.214584 195.895264 44.555569 226.212936 247.999069 271.494232 258.207397 247.437790 285.278900 225.195084 265.881622 286.340118 205.577713 162.324142 77.335068 247.176254 262.205139 55.156879 201.198502 98.774490 196.040558 93.953171 214.181305 116.324356 119.361374 94.537369 54.434284 196.956635 92.555618 201.561920 165.748154 283.246979 106.933945 174.780487 218.936707 64.409775 155.751511 186.620911 276.324310 150.507217 121.292770 251.682755 146.324127 36.347256 123.483688 188.135956 248.000290 95.165619 207.769592 158.675552 158.416870 113.286942 217.105484 82.074966 194.088058 45.943630 141.089096 212.999084 207.377029 198.121475 124.037781 82.601959 190.845230 
