
./merge_sort.exe -n 128
Unsorted data: 334 473 410 22 620 713 878 62 574 5 745 392 599 937 280 475 282 722 312 85 76 487 276 935 709 854 360 23 143 15 28 955 637 769 661 490 158 253 626 879 55 50 437 742 119 569 406 155 116 795 729 631 3 815 935 613 375 240 474 226 191 466 976 282 460 494 105 325 590 586 829 365 494 282 402 614 654 173 453 349 608 516 253 219 685 888 258 51 24 41 552 523 42 45 9 341 838 476 985 309 726 784 692 301 577 241 760 769 401 638 388 84 939 192 382 54 179 734 536 348 525 795 970 935 986 349 184 265 
nThreads: 128
width:2, numSlices:1
width:4, numSlices:1
width:8, numSlices:1
width:16, numSlices:1
width:32, numSlices:1
width:64, numSlices:1
width:128, numSlices:1
Time taken: 85 microseconds.
Sorted data: 3 5 9 15 22 23 24 28 41 42 45 50 51 54 55 62 76 84 85 105 116 119 143 155 158 173 179 184 191 192 219 226 240 241 253 253 258 265 276 280 282 282 282 301 309 312 325 334 341 348 349 349 360 365 375 382 388 392 401 402 406 410 437 453 460 466 473 474 475 476 487 490 494 494 516 523 525 536 552 569 574 577 586 590 599 608 613 614 620 626 631 637 638 654 661 685 692 709 713 722 726 729 734 742 745 760 769 769 784 795 795 815 829 838 854 878 879 888 935 935 935 937 939 955 970 976 985 986 
