
Matrix A:

75.000000 58.000000 92.000000 94.000000 47.000000 28.000000 0.000000 -100300041781602227765966274560.000000 0.000000 
19.000000 93.000000 40.000000 22.000000 6.000000 0.000000 0.000000 0.000000 0.000000 

Matrix B:

68.000000 63.000000 
41.000000 9.000000 
40.000000 68.000000 
21.000000 79.000000 
76.000000 10.000000 
56.000000 73.000000 
93.000000 79.000000 
50.000000 74.000000 
38.000000 74.000000 

Matrix C:

-5015002089080111388298313728000.000000 -7422203091838564854681504317440.000000 
7623.000000 6552.000000 
