
./merge_sort.exe -n 128
Unsorted data: 998 102 929 734 221 732 29 126 981 406 889 289 694 577 100 691 536 743 640 719 353 314 412 895 255 788 96 564 855 578 411 963 446 453 529 838 19 122 453 638 444 256 109 413 730 421 907 295 499 986 569 655 704 748 337 367 890 476 746 261 189 858 62 960 118 507 465 250 643 540 672 809 783 595 138 228 857 947 503 594 432 488 667 595 879 725 954 362 870 397 925 653 437 535 508 397 732 284 574 249 223 772 672 765 449 572 221 233 160 830 992 774 578 349 884 706 441 679 323 521 837 910 783 682 910 180 756 769 
nThreads: 256
width:2, numSlices:1
width:4, numSlices:1
width:8, numSlices:1
width:16, numSlices:1
width:32, numSlices:1
width:64, numSlices:1
width:128, numSlices:1
Time taken: 161 microseconds.
Sorted data: 19 29 62 96 100 102 109 118 122 126 138 160 180 189 221 221 223 228 233 249 250 255 256 261 284 289 295 314 323 337 349 353 362 367 397 397 406 411 412 413 421 432 437 441 444 446 449 453 453 465 476 488 499 503 507 508 521 529 535 536 540 564 569 572 574 577 578 578 594 595 595 638 640 643 653 655 667 672 672 679 682 691 694 704 706 719 725 730 732 732 734 743 746 748 756 765 769 772 774 783 783 788 809 830 837 838 855 857 858 870 879 884 889 890 895 907 910 910 925 929 947 954 960 963 981 986 992 998 
